0.000016933193435623966,
0.000017042031114075618,
0.000017042031114075618,
0.000017042031114075618,
0.000017037157785189695,
0.000017061524429619307,
0.000017076144416277074,
0.000017139497691794064,
0.00001717361099399552,
0.00001719797763842513,
0.00001727595090059989,
0.000017295444216143578,
0.00001736367082054649,
0.000017441644082721247,
0.000017519617344896004,
0.00001753423733155377,
0.000017612210593728528,
0.000017753537131420275,
0.000017880243682454255,
0.000017958216944629013,
0.000018114163468978527,
0.00001814340344229406,
0.000018231123362240662,
0.000018474789806536778,
0.00001858687637091299,
0.000018703836264175126
