-0.000016758829777297293,
-0.000016735495776556393,
-0.0000167976601616043,
-0.0000168031412586231,
-0.000016831607269945134,
-0.000016896590453511353,
-0.000017016416015327785,
-0.000016870646411091466,
-0.00001675768507341287,
-0.00001674443930616736,
-0.000016845232108137586,
-0.000016944416202026845,
-0.000016828592960884714,
-0.000016791967608384454,
-0.00001685361978360792,
-0.000016797895338524246,
-0.000016895855217116315,
-0.000016837849473237562,
-0.000016831602025513465,
-0.000016878299739485528,
-0.00001678323456479302,
-0.000016838649728996564,
-0.000016757572985647094,
-0.00001679513121860548,
-0.00001673354358692244,
-0.00001676224227520766,
-0.000016573004956004952,
-0.000016178580597006693,
-0.000015729847715134486,
-0.000015170845916617677,
-0.000014567696671083626,
-0.00001389320914667498,
-0.000013147411501505337,
-0.00001233706443179706,
-0.000011459524103035481,
-0.00001059766726813519,
-0.000009637506021952548,
-0.000008665173765627386,
-0.000007628067249389974,
-0.000006609755283633998,
-0.000005553442550372891,
-0.000004443329674758541,
-0.000003343752935403464,
-0.0000021931932340545115,
-0.000001018053200151368,
7.596058423353446e-8,
0.0000010201455926966778,
0.0000021931759227542986,
0.0000033470408832086137,
0.000004442502893098373,
0.0000055554890954806,
0.000006608118895957048,
0.000007631287367258844,
0.000008665173774148594,
0.000009640376532306674,
0.000010594396150843441,
0.000011461050291825813,
0.000012338517790323523,
0.000013145941985635836,
0.000013897522661065155,
0.000014557242780769423,
0.000015172203627149666,
0.000015681449758934476,
0.000016179852486590683,
0.00001655022786287478,
0.00001674214716020773,
0.000016713744351774913,
0.000016775894450356596,
0.000016703048580086178,
0.00001681911998838873,
0.00001677476350602592,
0.000016851884265304797,
0.00001677732941147385,
0.000016821321021127538,
0.000016875867351396773,
0.000016798393364504273,
0.000016832392558494037,
0.00001681859857961717,
0.00001684068631454611,
0.000016930770238135133,
0.00001684287586829227,
0.000016741140720080046,
0.000016756787430902953,
0.000016870646075655705,
0.000017002087692729083,
0.000016910981683900178,
0.000016832256551063438,
0.000016789466290071514,
0.00001681104413444916,
0.000016748948950647495,
0.000016758688737682034