-0.0000169331706565936,
-0.000017039864716873647,
-0.000017031405962547273,
-0.000017019428293978476,
-0.000016997166375321482,
-0.00001699772527687541,
-0.00001698582645178882,
-0.000017013759760731028,
-0.00001700914246749905,
-0.000016989875828667867,
-0.00001701541981175357,
-0.00001698317971980479,
-0.000016985850964872743,
-0.00001700440894311315,
-0.000017004813054073407,
-0.000016948668431902074,
-0.000016938078743921898,
-0.000016987505690009173,
-0.000017015964018359682,
-0.000016992378959397326,
-0.000017035945292512766,
-0.00001695760600015609,
-0.00001692282243458585,
-0.000017017427444853574,
-0.000017002673666000402,
-0.000016973876407998188,
