-2.483104710616356e-8,
-3.782492739447303e-8,
-3.7737523008088205e-8,
-3.777169321114976e-8,
-3.7596797499404135e-8,
-3.759730531953333e-8,
-3.752740903981427e-8,
-3.759778553990667e-8,
-3.759937476671592e-8,
-3.7479223873049805e-8,
-3.7643557480937264e-8,
-3.755496879710983e-8,
-3.7539226322750075e-8,
-3.763790608640018e-8,
-3.767850968113283e-8,
-3.7637767826917196e-8,
-3.753087353866933e-8,
-3.76044116710012e-8,
-3.764735490189983e-8,
-3.773106871551092e-8,
-3.778422637740668e-8,
-3.746762196492088e-8,
-3.7522940343530575e-8,
-3.773402934400175e-8,
-3.7708810129895986e-8,
-3.7566188819755125e-8,
