-1.352369465778805e-8,
-5.729173732515751e-7,
-0.000001194132047635685,
-0.0000017517093977028508,
-0.0000024044316735051648,
-0.0000030233363942154276,
-0.000003609721606015297,
-0.0000042390745152759775,
-0.000004814892855929614,
-0.000005458408725358967,
-0.000006200175230477445,
-0.000006881576295163789,
-0.000007532406049483472,
-0.00000827835382960521,
-0.000009017260805337234,
-0.000009756255751024933,
-0.000010640210059364639,
-0.000011469663918172907,
-0.000012323061751732775,
-0.000013291010767425466,
-0.000014178405311091544,
-0.000015205322704195532,
-0.000016301277793972797,
-0.000017522665356169773,
-0.000018705021513169828,
-0.000020145990139345386,
-0.00002135734612241426,
-0.000022430095055289476,
-0.000023483802107237504,
-0.000024440357795621513,
-0.000025430558030431046,
-0.00002635739166846083,
-0.000027158959920662733,
-0.00002793660533086822,
-0.000028672606062921426,
-0.000029405434849951617,
-0.000029947282349424616,
-0.00003053861695822605,
-0.00003098135830871508,
-0.000031491159522176495,
-0.000031749470144805286,
-0.0000318964232526221,
-0.000032057585831362873,
-0.00003212965680776087,
-0.00003221541615819358,
-0.00003224477594785138,
-0.0000322017493454684,
-0.000032143169317305484,
-0.000032057242716462165,
-0.00003191014794164701,
-0.00003173541886897243,
-0.00003147761132403705,
-0.000030980565298953527,
-0.00003053861695580037,
-0.0000299606418415543,
-0.000029392160451515443,
-0.000028671996053660152,
-0.000027935841401715905,
-0.000027159671243043993,
-0.00002635511755318556,
-0.00002540534476848859,
-0.000024439514982755483,
-0.000023467396599664128,
-0.000022429176230388455,
-0.000021357877158457877,
-0.00002014509303516371,
-0.000018704416219192046,
-0.000017503607358328322,
-0.000016279655962689102,
-0.000015206744393724018,
-0.000014188485703575355,
-0.000013280850154316149,
-0.00001230551481176317,
-0.000011469877786812673,
-0.000010621140240905774,
-0.000009755396777118677,
-0.000009028166762995393,
-0.000008285561138364893,
-0.00000753847449212224,
-0.0000068792446314996376,
-0.000006206681048808001,
-0.000005468516344983891,
-0.000004818016093029275,
-0.000004239074425958808,
-0.0000036120268329685426,
-0.000003019750043639179,
-0.000002400035992507101,
-0.0000017523661966463271,
-0.00000119685370801078,
-5.753196502068385e-7,
-6.77454035100833e-8