6.66131557788136e-9,
-1.8019188591925106e-9,
1.5458427370659383e-8,
1.3475280893211936e-8,
-2.851965699156267e-8,
9.156618340248257e-9,
-1.3781832946787207e-8,
-1.519685564360601e-8,
2.557633467566875e-9,
-2.0382485226748267e-8,
-4.339520537523816e-8,
-2.5372134879314485e-8,
-7.432816226841004e-9,
-3.041280212230813e-8,
-1.2798900450460084e-8,
-3.609905671184005e-8,
-3.929807317641426e-8,
-4.26077051944927e-8,
-4.559338261665457e-8,
-4.911592417401051e-8,
-5.2267909696698915e-8,
-7.617372303636455e-8,
-6.019017077342629e-8,
-6.465358952026244e-8,
-4.9108514744589504e-8,
-9.378169154345064e-8,
-7.78410789516307e-8,
-8.077339480820697e-8,
-1.0266296722154892e-7,
-8.549956266196879e-8,
-8.817672556184278e-8,
-9.028981688582059e-8,
-9.183523294097952e-8,
-7.53327516498919e-8,
-9.47049389443765e-8,
-9.629746757516132e-8,
-1.1494276385090679e-7,
-9.835203073665342e-8,
-9.909159660178996e-8,
-1.000350282960391e-7,
-1.0027498569597354e-7,
-1.0044364143785271e-7,
-1.0070094693727454e-7,
-1.0070098167075555e-7,
-1.008124247925569e-7,
-1.453012799757225e-7,
-1.175482105718799e-7,
-1.1756330789551491e-7,
-1.0069981575963826e-7,
-1.1748151980216502e-7,
-8.310018860536715e-8,
-1.172935513120261e-7,
-9.908902216720099e-8,
-9.835203316809665e-8,
-9.730934191352251e-8,
-1.1413849218147879e-7,
-9.470290452786641e-8,
-1.1178169135989413e-7,
-9.183764018663518e-8,
-9.028206846068773e-8,
-8.810228201984566e-8,
-8.549668382166314e-8,
-8.319131287347624e-8,
-8.115295936886647e-8,
-7.813755346801534e-8,
-9.407496105876438e-8,
-8.929992929468767e-8,
-6.297080223520024e-8,
-6.031994391080594e-8,
-7.62837130095218e-8,
-3.247018901641125e-8,
-2.920610668243816e-8,
-4.574608521240866e-8,
-4.290669400273908e-8,
-3.963545176182178e-8,
-3.648722623685543e-8,
-3.3226974379020015e-8,
-3.0649798636785203e-8,
-2.7982984783966995e-8,
-5.279269764638423e-9,
-2.3316371301029187e-8,
-2.0623089564075335e-8,
2.16750988284246e-9,
-1.5589089189073626e-8,
-1.4083695253583757e-8,
-1.1480079685085267e-8,
-8.658343496219739e-9,
-6.828165837809696e-9,
-5.035663567084259e-9,
1.7863833822621415e-8,
1.910815693243424e-8