1.2444357586471437e-8,
2.690802828778422e-7,
6.005092100774682e-7,
8.766175554016093e-7,
0.0000011660476353513228,
0.0000014736138289932047,
0.000001753567668734973,
0.0000020719426482570137,
0.000002370774848107962,
0.0000026670488345727996,
0.0000029887373776065355,
0.000003271480836389582,
0.0000036022940149183395,
0.000003880671100689168,
0.0000042156737584286334,
0.000004493406345205502,
0.000004825975745491886,
0.000005158615804345908,
0.000005491690572720105,
0.000005809921642935059,
0.0000061561399044876616,
0.000006451455912476071,
0.000006781631951504236,
0.000007191911963997417,
0.000007508637658106741,
0.000007856182244865045,
